(kicad_pcb (version 20171130) (host pcbnew "(5.1.6)-1")

  (general
    (thickness 1.6)
    (drawings 12)
    (tracks 502)
    (zones 0)
    (modules 30)
    (nets 50)
  )

  (page A4)
  (layers
    (0 F.Cu signal)
    (31 B.Cu signal)
    (32 B.Adhes user)
    (33 F.Adhes user)
    (34 B.Paste user)
    (35 F.Paste user)
    (36 B.SilkS user)
    (37 F.SilkS user)
    (38 B.Mask user)
    (39 F.Mask user)
    (40 Dwgs.User user)
    (41 Cmts.User user)
    (42 Eco1.User user)
    (43 Eco2.User user)
    (44 Edge.Cuts user)
    (45 Margin user)
    (46 B.CrtYd user)
    (47 F.CrtYd user)
    (48 B.Fab user)
    (49 F.Fab user)
  )

  (setup
    (last_trace_width 0.2)
    (trace_clearance 0.2)
    (zone_clearance 0.508)
    (zone_45_only no)
    (trace_min 0.2)
    (via_size 0.8)
    (via_drill 0.4)
    (via_min_size 0.4)
    (via_min_drill 0.3)
    (uvia_size 0.3)
    (uvia_drill 0.1)
    (uvias_allowed no)
    (uvia_min_size 0.2)
    (uvia_min_drill 0.1)
    (edge_width 0.05)
    (segment_width 0.2)
    (pcb_text_width 0.3)
    (pcb_text_size 1.5 1.5)
    (mod_edge_width 0.12)
    (mod_text_size 1 1)
    (mod_text_width 0.15)
    (pad_size 1.524 1.524)
    (pad_drill 0.762)
    (pad_to_mask_clearance 0.05)
    (aux_axis_origin 0 0)
    (visible_elements 7FFFFFFF)
    (pcbplotparams
      (layerselection 0x010fc_ffffffff)
      (usegerberextensions false)
      (usegerberattributes true)
      (usegerberadvancedattributes true)
      (creategerberjobfile true)
      (excludeedgelayer true)
      (linewidth 0.100000)
      (plotframeref false)
      (viasonmask false)
      (mode 1)
      (useauxorigin false)
      (hpglpennumber 1)
      (hpglpenspeed 20)
      (hpglpendiameter 15.000000)
      (psnegative false)
      (psa4output false)
      (plotreference true)
      (plotvalue true)
      (plotinvisibletext false)
      (padsonsilk false)
      (subtractmaskfromsilk false)
      (outputformat 1)
      (mirror false)
      (drillshape 0)
      (scaleselection 1)
      (outputdirectory "../Gerbers/"))
  )

  (net 0 "")
  (net 1 GND)
  (net 2 /ATMega328/XTAL1)
  (net 3 /ATMega328/XTAL2)
  (net 4 "Net-(C401-Pad2)")
  (net 5 +5V)
  (net 6 "Net-(D201-Pad2)")
  (net 7 "Net-(D202-Pad2)")
  (net 8 +3V3)
  (net 9 "Net-(D401-Pad1)")
  (net 10 "Net-(J401-PadSH)")
  (net 11 "Net-(J401-Pad4)")
  (net 12 "/PIN HEADERS/12")
  (net 13 "/PIN HEADERS/11")
  (net 14 "/PIN HEADERS/10")
  (net 15 "/PIN HEADERS/9")
  (net 16 "/PIN HEADERS/8")
  (net 17 "/PIN HEADERS/7")
  (net 18 "/PIN HEADERS/6")
  (net 19 "/PIN HEADERS/5")
  (net 20 "/PIN HEADERS/4")
  (net 21 "/PIN HEADERS/3")
  (net 22 /D1_TX)
  (net 23 /D0_RX)
  (net 24 /RESET)
  (net 25 "/PIN HEADERS/22")
  (net 26 "/PIN HEADERS/21")
  (net 27 "/PIN HEADERS/20")
  (net 28 "/PIN HEADERS/19")
  (net 29 "/PIN HEADERS/18")
  (net 30 "/PIN HEADERS/17")
  (net 31 "/PIN HEADERS/16")
  (net 32 "/PIN HEADERS/15")
  (net 33 "/PIN HEADERS/14")
  (net 34 "/PIN HEADERS/13")
  (net 35 "Net-(R403-Pad2)")
  (net 36 "Net-(U401-Pad19)")
  (net 37 "Net-(U401-Pad18)")
  (net 38 "Net-(U401-Pad17)")
  (net 39 "Net-(U401-Pad9)")
  (net 40 "Net-(U401-Pad8)")
  (net 41 "Net-(U401-Pad7)")
  (net 42 "Net-(U401-Pad2)")
  (net 43 "Net-(U401-Pad5)")
  (net 44 "/USB TO UART/D+")
  (net 45 "/USB TO UART/D-")
  (net 46 "/USB TO UART/d2+")
  (net 47 "/USB TO UART/d2-")
  (net 48 "Net-(C406-Pad2)")
  (net 49 /ATMega328/AREF)

  (net_class Default "This is the default net class."
    (clearance 0.2)
    (trace_width 0.2)
    (via_dia 0.8)
    (via_drill 0.4)
    (uvia_dia 0.3)
    (uvia_drill 0.1)
    (add_net +3V3)
    (add_net +5V)
    (add_net /ATMega328/AREF)
    (add_net /ATMega328/XTAL1)
    (add_net /ATMega328/XTAL2)
    (add_net /D0_RX)
    (add_net /D1_TX)
    (add_net "/PIN HEADERS/10")
    (add_net "/PIN HEADERS/11")
    (add_net "/PIN HEADERS/12")
    (add_net "/PIN HEADERS/13")
    (add_net "/PIN HEADERS/14")
    (add_net "/PIN HEADERS/15")
    (add_net "/PIN HEADERS/16")
    (add_net "/PIN HEADERS/17")
    (add_net "/PIN HEADERS/18")
    (add_net "/PIN HEADERS/19")
    (add_net "/PIN HEADERS/20")
    (add_net "/PIN HEADERS/21")
    (add_net "/PIN HEADERS/22")
    (add_net "/PIN HEADERS/3")
    (add_net "/PIN HEADERS/4")
    (add_net "/PIN HEADERS/5")
    (add_net "/PIN HEADERS/6")
    (add_net "/PIN HEADERS/7")
    (add_net "/PIN HEADERS/8")
    (add_net "/PIN HEADERS/9")
    (add_net /RESET)
    (add_net "/USB TO UART/D+")
    (add_net "/USB TO UART/D-")
    (add_net "/USB TO UART/d2+")
    (add_net "/USB TO UART/d2-")
    (add_net GND)
    (add_net "Net-(C401-Pad2)")
    (add_net "Net-(C406-Pad2)")
    (add_net "Net-(D201-Pad2)")
    (add_net "Net-(D202-Pad2)")
    (add_net "Net-(D401-Pad1)")
    (add_net "Net-(J401-Pad4)")
    (add_net "Net-(J401-PadSH)")
    (add_net "Net-(R403-Pad2)")
    (add_net "Net-(U401-Pad17)")
    (add_net "Net-(U401-Pad18)")
    (add_net "Net-(U401-Pad19)")
    (add_net "Net-(U401-Pad2)")
    (add_net "Net-(U401-Pad5)")
    (add_net "Net-(U401-Pad7)")
    (add_net "Net-(U401-Pad8)")
    (add_net "Net-(U401-Pad9)")
  )

  (module "Arduino Rev 2:PinSocket_1x13_P2.54mm_Vertical" (layer F.Cu) (tedit 5A19A421) (tstamp 5F0F46B5)
    (at 145.25 103.25)
    (descr "Through hole straight socket strip, 1x13, 2.54mm pitch, single row (from Kicad 4.0.7), script generated")
    (tags "Through hole socket strip THT 1x13 2.54mm single row")
    (path /5F10049F/5F0D6481)
    (fp_text reference J602 (at 0 -2.77) (layer F.SilkS)
      (effects (font (size 1 1) (thickness 0.15)))
    )
    (fp_text value Conn_01x12_Female (at 0 33.25) (layer F.Fab)
      (effects (font (size 1 1) (thickness 0.15)))
    )
    (fp_line (start -1.27 -1.27) (end 0.635 -1.27) (layer F.Fab) (width 0.1))
    (fp_line (start 0.635 -1.27) (end 1.27 -0.635) (layer F.Fab) (width 0.1))
    (fp_line (start 1.27 -0.635) (end 1.27 31.75) (layer F.Fab) (width 0.1))
    (fp_line (start 1.27 31.75) (end -1.27 31.75) (layer F.Fab) (width 0.1))
    (fp_line (start -1.27 31.75) (end -1.27 -1.27) (layer F.Fab) (width 0.1))
    (fp_line (start -1.33 1.27) (end 1.33 1.27) (layer F.SilkS) (width 0.12))
    (fp_line (start -1.33 1.27) (end -1.33 31.81) (layer F.SilkS) (width 0.12))
    (fp_line (start -1.33 31.81) (end 1.33 31.81) (layer F.SilkS) (width 0.12))
    (fp_line (start 1.33 1.27) (end 1.33 31.81) (layer F.SilkS) (width 0.12))
    (fp_line (start 1.33 -1.33) (end 1.33 0) (layer F.SilkS) (width 0.12))
    (fp_line (start 0 -1.33) (end 1.33 -1.33) (layer F.SilkS) (width 0.12))
    (fp_line (start -1.8 -1.8) (end 1.75 -1.8) (layer F.CrtYd) (width 0.05))
    (fp_line (start 1.75 -1.8) (end 1.75 32.25) (layer F.CrtYd) (width 0.05))
    (fp_line (start 1.75 32.25) (end -1.8 32.25) (layer F.CrtYd) (width 0.05))
    (fp_line (start -1.8 32.25) (end -1.8 -1.8) (layer F.CrtYd) (width 0.05))
    (fp_text user %R (at 0 15.24 90) (layer F.Fab)
      (effects (font (size 1 1) (thickness 0.15)))
    )
    (pad 13 thru_hole oval (at 0 30.48) (size 1.7 1.7) (drill 1) (layers *.Cu *.Mask)
      (net 5 +5V))
    (pad 12 thru_hole oval (at 0 27.94) (size 1.7 1.7) (drill 1) (layers *.Cu *.Mask)
      (net 24 /RESET))
    (pad 11 thru_hole oval (at 0 25.4) (size 1.7 1.7) (drill 1) (layers *.Cu *.Mask)
      (net 8 +3V3))
    (pad 10 thru_hole oval (at 0 22.86) (size 1.7 1.7) (drill 1) (layers *.Cu *.Mask)
      (net 25 "/PIN HEADERS/22"))
    (pad 9 thru_hole oval (at 0 20.32) (size 1.7 1.7) (drill 1) (layers *.Cu *.Mask)
      (net 26 "/PIN HEADERS/21"))
    (pad 8 thru_hole oval (at 0 17.78) (size 1.7 1.7) (drill 1) (layers *.Cu *.Mask)
      (net 27 "/PIN HEADERS/20"))
    (pad 7 thru_hole oval (at 0 15.24) (size 1.7 1.7) (drill 1) (layers *.Cu *.Mask)
      (net 28 "/PIN HEADERS/19"))
    (pad 6 thru_hole oval (at 0 12.7) (size 1.7 1.7) (drill 1) (layers *.Cu *.Mask)
      (net 29 "/PIN HEADERS/18"))
    (pad 5 thru_hole oval (at 0 10.16) (size 1.7 1.7) (drill 1) (layers *.Cu *.Mask)
      (net 30 "/PIN HEADERS/17"))
    (pad 4 thru_hole oval (at 0 7.62) (size 1.7 1.7) (drill 1) (layers *.Cu *.Mask)
      (net 31 "/PIN HEADERS/16"))
    (pad 3 thru_hole oval (at 0 5.08) (size 1.7 1.7) (drill 1) (layers *.Cu *.Mask)
      (net 32 "/PIN HEADERS/15"))
    (pad 2 thru_hole oval (at 0 2.54) (size 1.7 1.7) (drill 1) (layers *.Cu *.Mask)
      (net 33 "/PIN HEADERS/14"))
    (pad 1 thru_hole rect (at 0 0) (size 1.7 1.7) (drill 1) (layers *.Cu *.Mask)
      (net 34 "/PIN HEADERS/13"))
    (model ${KISYS3DMOD}/Connector_PinSocket_2.54mm.3dshapes/PinSocket_1x13_P2.54mm_Vertical.wrl
      (at (xyz 0 0 0))
      (scale (xyz 1 1 1))
      (rotate (xyz 0 0 0))
    )
  )

  (module "Arduino Rev 2:PinSocket_1x13_P2.54mm_Vertical" (layer F.Cu) (tedit 5A19A421) (tstamp 5F0DC967)
    (at 176.25 103.31)
    (descr "Through hole straight socket strip, 1x13, 2.54mm pitch, single row (from Kicad 4.0.7), script generated")
    (tags "Through hole socket strip THT 1x13 2.54mm single row")
    (path /5F10049F/5F100893)
    (fp_text reference J601 (at 0 -2.77) (layer F.SilkS)
      (effects (font (size 1 1) (thickness 0.15)))
    )
    (fp_text value Conn_01x12_Female (at 0 33.25) (layer F.Fab)
      (effects (font (size 1 1) (thickness 0.15)))
    )
    (fp_line (start -1.27 -1.27) (end 0.635 -1.27) (layer F.Fab) (width 0.1))
    (fp_line (start 0.635 -1.27) (end 1.27 -0.635) (layer F.Fab) (width 0.1))
    (fp_line (start 1.27 -0.635) (end 1.27 31.75) (layer F.Fab) (width 0.1))
    (fp_line (start 1.27 31.75) (end -1.27 31.75) (layer F.Fab) (width 0.1))
    (fp_line (start -1.27 31.75) (end -1.27 -1.27) (layer F.Fab) (width 0.1))
    (fp_line (start -1.33 1.27) (end 1.33 1.27) (layer F.SilkS) (width 0.12))
    (fp_line (start -1.33 1.27) (end -1.33 31.81) (layer F.SilkS) (width 0.12))
    (fp_line (start -1.33 31.81) (end 1.33 31.81) (layer F.SilkS) (width 0.12))
    (fp_line (start 1.33 1.27) (end 1.33 31.81) (layer F.SilkS) (width 0.12))
    (fp_line (start 1.33 -1.33) (end 1.33 0) (layer F.SilkS) (width 0.12))
    (fp_line (start 0 -1.33) (end 1.33 -1.33) (layer F.SilkS) (width 0.12))
    (fp_line (start -1.8 -1.8) (end 1.75 -1.8) (layer F.CrtYd) (width 0.05))
    (fp_line (start 1.75 -1.8) (end 1.75 32.25) (layer F.CrtYd) (width 0.05))
    (fp_line (start 1.75 32.25) (end -1.8 32.25) (layer F.CrtYd) (width 0.05))
    (fp_line (start -1.8 32.25) (end -1.8 -1.8) (layer F.CrtYd) (width 0.05))
    (fp_text user %R (at 0 15.24 90) (layer F.Fab)
      (effects (font (size 1 1) (thickness 0.15)))
    )
    (pad 13 thru_hole oval (at 0 30.48) (size 1.7 1.7) (drill 1) (layers *.Cu *.Mask)
      (net 1 GND))
    (pad 12 thru_hole oval (at 0 27.94) (size 1.7 1.7) (drill 1) (layers *.Cu *.Mask)
      (net 18 "/PIN HEADERS/6"))
    (pad 11 thru_hole oval (at 0 25.4) (size 1.7 1.7) (drill 1) (layers *.Cu *.Mask)
      (net 17 "/PIN HEADERS/7"))
    (pad 10 thru_hole oval (at 0 22.86) (size 1.7 1.7) (drill 1) (layers *.Cu *.Mask)
      (net 16 "/PIN HEADERS/8"))
    (pad 9 thru_hole oval (at 0 20.32) (size 1.7 1.7) (drill 1) (layers *.Cu *.Mask)
      (net 15 "/PIN HEADERS/9"))
    (pad 8 thru_hole oval (at 0 17.78) (size 1.7 1.7) (drill 1) (layers *.Cu *.Mask)
      (net 14 "/PIN HEADERS/10"))
    (pad 7 thru_hole oval (at 0 15.24) (size 1.7 1.7) (drill 1) (layers *.Cu *.Mask)
      (net 13 "/PIN HEADERS/11"))
    (pad 6 thru_hole oval (at 0 12.7) (size 1.7 1.7) (drill 1) (layers *.Cu *.Mask)
      (net 12 "/PIN HEADERS/12"))
    (pad 5 thru_hole oval (at 0 10.16) (size 1.7 1.7) (drill 1) (layers *.Cu *.Mask)
      (net 19 "/PIN HEADERS/5"))
    (pad 4 thru_hole oval (at 0 7.62) (size 1.7 1.7) (drill 1) (layers *.Cu *.Mask)
      (net 20 "/PIN HEADERS/4"))
    (pad 3 thru_hole oval (at 0 5.08) (size 1.7 1.7) (drill 1) (layers *.Cu *.Mask)
      (net 21 "/PIN HEADERS/3"))
    (pad 2 thru_hole oval (at 0 2.54) (size 1.7 1.7) (drill 1) (layers *.Cu *.Mask)
      (net 22 /D1_TX))
    (pad 1 thru_hole rect (at 0 0) (size 1.7 1.7) (drill 1) (layers *.Cu *.Mask)
      (net 23 /D0_RX))
    (model ${KISYS3DMOD}/Connector_PinSocket_2.54mm.3dshapes/PinSocket_1x13_P2.54mm_Vertical.wrl
      (at (xyz 0 0 0))
      (scale (xyz 1 1 1))
      (rotate (xyz 0 0 0))
    )
  )

  (module "Arduino Rev 2:C_0603_1608Metric_Pad1.05x0.95mm_HandSolder" (layer F.Cu) (tedit 5B301BBE) (tstamp 5F0F2724)
    (at 156.5 115.625 270)
    (descr "Capacitor SMD 0603 (1608 Metric), square (rectangular) end terminal, IPC_7351 nominal with elongated pad for handsoldering. (Body size source: http://www.tortai-tech.com/upload/download/2011102023233369053.pdf), generated with kicad-footprint-generator")
    (tags "capacitor handsolder")
    (path /5F0D5038/5F118027)
    (attr smd)
    (fp_text reference C406 (at 0 1.5 90) (layer F.SilkS)
      (effects (font (size 1 1) (thickness 0.15)))
    )
    (fp_text value "100 nF" (at 0 1.43 90) (layer F.Fab)
      (effects (font (size 1 1) (thickness 0.15)))
    )
    (fp_line (start -0.8 0.4) (end -0.8 -0.4) (layer F.Fab) (width 0.1))
    (fp_line (start -0.8 -0.4) (end 0.8 -0.4) (layer F.Fab) (width 0.1))
    (fp_line (start 0.8 -0.4) (end 0.8 0.4) (layer F.Fab) (width 0.1))
    (fp_line (start 0.8 0.4) (end -0.8 0.4) (layer F.Fab) (width 0.1))
    (fp_line (start -0.171267 -0.51) (end 0.171267 -0.51) (layer F.SilkS) (width 0.12))
    (fp_line (start -0.171267 0.51) (end 0.171267 0.51) (layer F.SilkS) (width 0.12))
    (fp_line (start -1.65 0.73) (end -1.65 -0.73) (layer F.CrtYd) (width 0.05))
    (fp_line (start -1.65 -0.73) (end 1.65 -0.73) (layer F.CrtYd) (width 0.05))
    (fp_line (start 1.65 -0.73) (end 1.65 0.73) (layer F.CrtYd) (width 0.05))
    (fp_line (start 1.65 0.73) (end -1.65 0.73) (layer F.CrtYd) (width 0.05))
    (fp_text user %R (at 0 0 90) (layer F.Fab)
      (effects (font (size 0.4 0.4) (thickness 0.06)))
    )
    (pad 2 smd roundrect (at 0.875 0 270) (size 1.05 0.95) (layers F.Cu F.Paste F.Mask) (roundrect_rratio 0.25)
      (net 48 "Net-(C406-Pad2)"))
    (pad 1 smd roundrect (at -0.875 0 270) (size 1.05 0.95) (layers F.Cu F.Paste F.Mask) (roundrect_rratio 0.25)
      (net 24 /RESET))
    (model ${KISYS3DMOD}/Capacitor_SMD.3dshapes/C_0603_1608Metric.wrl
      (at (xyz 0 0 0))
      (scale (xyz 1 1 1))
      (rotate (xyz 0 0 0))
    )
  )

  (module "Arduino Rev 2:C_0603_1608Metric_Pad1.05x0.95mm_HandSolder" (layer B.Cu) (tedit 5B301BBE) (tstamp 5F0F3C68)
    (at 163.245 103.49)
    (descr "Capacitor SMD 0603 (1608 Metric), square (rectangular) end terminal, IPC_7351 nominal with elongated pad for handsoldering. (Body size source: http://www.tortai-tech.com/upload/download/2011102023233369053.pdf), generated with kicad-footprint-generator")
    (tags "capacitor handsolder")
    (path /5F0BDC7A/5F0E6FF2)
    (attr smd)
    (fp_text reference C204 (at 0.055 -1.33) (layer B.SilkS)
      (effects (font (size 1 1) (thickness 0.15)) (justify mirror))
    )
    (fp_text value "100 nF" (at 0 -1.43) (layer B.Fab)
      (effects (font (size 1 1) (thickness 0.15)) (justify mirror))
    )
    (fp_line (start -0.8 -0.4) (end -0.8 0.4) (layer B.Fab) (width 0.1))
    (fp_line (start -0.8 0.4) (end 0.8 0.4) (layer B.Fab) (width 0.1))
    (fp_line (start 0.8 0.4) (end 0.8 -0.4) (layer B.Fab) (width 0.1))
    (fp_line (start 0.8 -0.4) (end -0.8 -0.4) (layer B.Fab) (width 0.1))
    (fp_line (start -0.171267 0.51) (end 0.171267 0.51) (layer B.SilkS) (width 0.12))
    (fp_line (start -0.171267 -0.51) (end 0.171267 -0.51) (layer B.SilkS) (width 0.12))
    (fp_line (start -1.65 -0.73) (end -1.65 0.73) (layer B.CrtYd) (width 0.05))
    (fp_line (start -1.65 0.73) (end 1.65 0.73) (layer B.CrtYd) (width 0.05))
    (fp_line (start 1.65 0.73) (end 1.65 -0.73) (layer B.CrtYd) (width 0.05))
    (fp_line (start 1.65 -0.73) (end -1.65 -0.73) (layer B.CrtYd) (width 0.05))
    (fp_text user %R (at 0 0) (layer B.Fab)
      (effects (font (size 0.4 0.4) (thickness 0.06)) (justify mirror))
    )
    (pad 2 smd roundrect (at 0.875 0) (size 1.05 0.95) (layers B.Cu B.Paste B.Mask) (roundrect_rratio 0.25)
      (net 5 +5V))
    (pad 1 smd roundrect (at -0.875 0) (size 1.05 0.95) (layers B.Cu B.Paste B.Mask) (roundrect_rratio 0.25)
      (net 1 GND))
    (model ${KISYS3DMOD}/Capacitor_SMD.3dshapes/C_0603_1608Metric.wrl
      (at (xyz 0 0 0))
      (scale (xyz 1 1 1))
      (rotate (xyz 0 0 0))
    )
  )

  (module "Arduino Rev 2:CP_EIA-1608-10_AVX-L_Pad1.25x1.05mm_HandSolder" (layer B.Cu) (tedit 5B301BBE) (tstamp 5F0F3A17)
    (at 163.27 105.2 180)
    (descr "Tantalum Capacitor SMD AVX-L (1608-10 Metric), IPC_7351 nominal, (Body size from: https://www.vishay.com/docs/48064/_t58_vmn_pt0471_1601.pdf), generated with kicad-footprint-generator")
    (tags "capacitor tantalum")
    (path /5F0BDC7A/5F0E7368)
    (attr smd)
    (fp_text reference C203 (at -0.08 -1.49) (layer B.SilkS)
      (effects (font (size 1 1) (thickness 0.15)) (justify mirror))
    )
    (fp_text value "4.7 uF" (at 0 -1.48) (layer B.Fab)
      (effects (font (size 1 1) (thickness 0.15)) (justify mirror))
    )
    (fp_line (start 0.8 0.425) (end -0.5 0.425) (layer B.Fab) (width 0.1))
    (fp_line (start -0.5 0.425) (end -0.8 0.125) (layer B.Fab) (width 0.1))
    (fp_line (start -0.8 0.125) (end -0.8 -0.425) (layer B.Fab) (width 0.1))
    (fp_line (start -0.8 -0.425) (end 0.8 -0.425) (layer B.Fab) (width 0.1))
    (fp_line (start 0.8 -0.425) (end 0.8 0.425) (layer B.Fab) (width 0.1))
    (fp_line (start 0.8 0.785) (end -1.685 0.785) (layer B.SilkS) (width 0.12))
    (fp_line (start -1.685 0.785) (end -1.685 -0.785) (layer B.SilkS) (width 0.12))
    (fp_line (start -1.685 -0.785) (end 0.8 -0.785) (layer B.SilkS) (width 0.12))
    (fp_line (start -1.68 -0.78) (end -1.68 0.78) (layer B.CrtYd) (width 0.05))
    (fp_line (start -1.68 0.78) (end 1.68 0.78) (layer B.CrtYd) (width 0.05))
    (fp_line (start 1.68 0.78) (end 1.68 -0.78) (layer B.CrtYd) (width 0.05))
    (fp_line (start 1.68 -0.78) (end -1.68 -0.78) (layer B.CrtYd) (width 0.05))
    (fp_text user %R (at 0 0) (layer B.Fab)
      (effects (font (size 0.4 0.4) (thickness 0.06)) (justify mirror))
    )
    (pad 2 smd roundrect (at 0.8 0 180) (size 1.25 1.05) (layers B.Cu B.Paste B.Mask) (roundrect_rratio 0.238095)
      (net 1 GND))
    (pad 1 smd roundrect (at -0.8 0 180) (size 1.25 1.05) (layers B.Cu B.Paste B.Mask) (roundrect_rratio 0.238095)
      (net 5 +5V))
    (model ${KISYS3DMOD}/Capacitor_Tantalum_SMD.3dshapes/CP_EIA-1608-10_AVX-L.wrl
      (at (xyz 0 0 0))
      (scale (xyz 1 1 1))
      (rotate (xyz 0 0 0))
    )
  )

  (module "Arduino Rev 2:C_0603_1608Metric_Pad1.05x0.95mm_HandSolder" (layer F.Cu) (tedit 5B301BBE) (tstamp 5F0F39B5)
    (at 154.625 104.4 180)
    (descr "Capacitor SMD 0603 (1608 Metric), square (rectangular) end terminal, IPC_7351 nominal with elongated pad for handsoldering. (Body size source: http://www.tortai-tech.com/upload/download/2011102023233369053.pdf), generated with kicad-footprint-generator")
    (tags "capacitor handsolder")
    (path /5F0BDC7A/5F0E213A)
    (attr smd)
    (fp_text reference C202 (at 0 -1.43) (layer F.SilkS)
      (effects (font (size 1 1) (thickness 0.15)))
    )
    (fp_text value "100 nF" (at 0 1.43) (layer F.Fab)
      (effects (font (size 1 1) (thickness 0.15)))
    )
    (fp_line (start -0.8 0.4) (end -0.8 -0.4) (layer F.Fab) (width 0.1))
    (fp_line (start -0.8 -0.4) (end 0.8 -0.4) (layer F.Fab) (width 0.1))
    (fp_line (start 0.8 -0.4) (end 0.8 0.4) (layer F.Fab) (width 0.1))
    (fp_line (start 0.8 0.4) (end -0.8 0.4) (layer F.Fab) (width 0.1))
    (fp_line (start -0.171267 -0.51) (end 0.171267 -0.51) (layer F.SilkS) (width 0.12))
    (fp_line (start -0.171267 0.51) (end 0.171267 0.51) (layer F.SilkS) (width 0.12))
    (fp_line (start -1.65 0.73) (end -1.65 -0.73) (layer F.CrtYd) (width 0.05))
    (fp_line (start -1.65 -0.73) (end 1.65 -0.73) (layer F.CrtYd) (width 0.05))
    (fp_line (start 1.65 -0.73) (end 1.65 0.73) (layer F.CrtYd) (width 0.05))
    (fp_line (start 1.65 0.73) (end -1.65 0.73) (layer F.CrtYd) (width 0.05))
    (fp_text user %R (at 0 0) (layer F.Fab)
      (effects (font (size 0.4 0.4) (thickness 0.06)))
    )
    (pad 2 smd roundrect (at 0.875 0 180) (size 1.05 0.95) (layers F.Cu F.Paste F.Mask) (roundrect_rratio 0.25)
      (net 1 GND))
    (pad 1 smd roundrect (at -0.875 0 180) (size 1.05 0.95) (layers F.Cu F.Paste F.Mask) (roundrect_rratio 0.25)
      (net 49 /ATMega328/AREF))
    (model ${KISYS3DMOD}/Capacitor_SMD.3dshapes/C_0603_1608Metric.wrl
      (at (xyz 0 0 0))
      (scale (xyz 1 1 1))
      (rotate (xyz 0 0 0))
    )
  )

  (module "Arduino Rev 2:C_0603_1608Metric_Pad1.05x0.95mm_HandSolder" (layer F.Cu) (tedit 5B301BBE) (tstamp 5F0F39E5)
    (at 154.625 102.8)
    (descr "Capacitor SMD 0603 (1608 Metric), square (rectangular) end terminal, IPC_7351 nominal with elongated pad for handsoldering. (Body size source: http://www.tortai-tech.com/upload/download/2011102023233369053.pdf), generated with kicad-footprint-generator")
    (tags "capacitor handsolder")
    (path /5F0BDC7A/5F0E66ED)
    (attr smd)
    (fp_text reference C201 (at 0 -1.43) (layer F.SilkS)
      (effects (font (size 1 1) (thickness 0.15)))
    )
    (fp_text value "100 nF" (at 0 1.43) (layer F.Fab)
      (effects (font (size 1 1) (thickness 0.15)))
    )
    (fp_line (start -0.8 0.4) (end -0.8 -0.4) (layer F.Fab) (width 0.1))
    (fp_line (start -0.8 -0.4) (end 0.8 -0.4) (layer F.Fab) (width 0.1))
    (fp_line (start 0.8 -0.4) (end 0.8 0.4) (layer F.Fab) (width 0.1))
    (fp_line (start 0.8 0.4) (end -0.8 0.4) (layer F.Fab) (width 0.1))
    (fp_line (start -0.171267 -0.51) (end 0.171267 -0.51) (layer F.SilkS) (width 0.12))
    (fp_line (start -0.171267 0.51) (end 0.171267 0.51) (layer F.SilkS) (width 0.12))
    (fp_line (start -1.65 0.73) (end -1.65 -0.73) (layer F.CrtYd) (width 0.05))
    (fp_line (start -1.65 -0.73) (end 1.65 -0.73) (layer F.CrtYd) (width 0.05))
    (fp_line (start 1.65 -0.73) (end 1.65 0.73) (layer F.CrtYd) (width 0.05))
    (fp_line (start 1.65 0.73) (end -1.65 0.73) (layer F.CrtYd) (width 0.05))
    (fp_text user %R (at 0 0) (layer F.Fab)
      (effects (font (size 0.4 0.4) (thickness 0.06)))
    )
    (pad 2 smd roundrect (at 0.875 0) (size 1.05 0.95) (layers F.Cu F.Paste F.Mask) (roundrect_rratio 0.25)
      (net 5 +5V))
    (pad 1 smd roundrect (at -0.875 0) (size 1.05 0.95) (layers F.Cu F.Paste F.Mask) (roundrect_rratio 0.25)
      (net 1 GND))
    (model ${KISYS3DMOD}/Capacitor_SMD.3dshapes/C_0603_1608Metric.wrl
      (at (xyz 0 0 0))
      (scale (xyz 1 1 1))
      (rotate (xyz 0 0 0))
    )
  )

  (module "Arduino Rev 2:ECS-160-20-30B-AGL-TR" (layer F.Cu) (tedit 5F0D42F4) (tstamp 5F0DCA5F)
    (at 169.08 106.59 90)
    (path /5F0CAB04/5F0CAD05)
    (fp_text reference Y301 (at 1.85 4.09 270) (layer F.SilkS)
      (effects (font (size 1 1) (thickness 0.15)))
    )
    (fp_text value ECS-160-20-30B-AGL-TR (at 0.1 -8 90) (layer F.Fab)
      (effects (font (size 1 1) (thickness 0.15)))
    )
    (pad 4 smd rect (at 0 0 90) (size 1.6 1.25) (layers F.Cu F.Paste F.Mask)
      (net 1 GND))
    (pad 3 smd rect (at 3.7 0 90) (size 1.6 1.25) (layers F.Cu F.Paste F.Mask)
      (net 3 /ATMega328/XTAL2))
    (pad 2 smd rect (at 3.7 2.2 90) (size 1.6 1.25) (layers F.Cu F.Paste F.Mask)
      (net 1 GND))
    (pad 1 smd rect (at 0 2.2 90) (size 1.6 1.25) (layers F.Cu F.Paste F.Mask)
      (net 2 /ATMega328/XTAL1))
  )

  (module "Arduino Rev 2:SSOP-20_W3.9mm" (layer F.Cu) (tedit 5D28A695) (tstamp 5F0F1C2A)
    (at 162.1775 115.4797 90)
    (descr http://www.ftdichip.com/Support/Documents/DataSheets/ICs/DS_FT231X.pdf)
    (path /5F0D5038/5F0DC5F3)
    (attr smd)
    (fp_text reference U401 (at 4.4797 0.1325 180) (layer F.SilkS)
      (effects (font (size 1 1) (thickness 0.15)))
    )
    (fp_text value FT231XS-U (at 0 6 90) (layer F.Fab)
      (effects (font (size 1 1) (thickness 0.15)))
    )
    (fp_line (start -1.9558 4.3307) (end 1.9558 4.3307) (layer F.Fab) (width 0.1))
    (fp_line (start 1.9558 -4.3307) (end 1.9558 4.3307) (layer F.Fab) (width 0.1))
    (fp_line (start -1.95 -3.95) (end -1.575 -4.325) (layer F.Fab) (width 0.1))
    (fp_line (start 1.95 -4.33) (end -1.57 -4.33) (layer F.Fab) (width 0.1))
    (fp_line (start -1.96 4.33) (end -1.95 -3.95) (layer F.Fab) (width 0.1))
    (fp_line (start -2.1 -3.2) (end -2.5 -3.2) (layer F.SilkS) (width 0.1))
    (fp_line (start -2.1 -4) (end -2.1 -3.2) (layer F.SilkS) (width 0.1))
    (fp_line (start -1.7 -4.4) (end -2.1 -4) (layer F.SilkS) (width 0.1))
    (fp_line (start -1.3 -4.4) (end -1.7 -4.4) (layer F.SilkS) (width 0.1))
    (fp_line (start 2.1 -4.4) (end 2.1 -3.5) (layer F.SilkS) (width 0.1))
    (fp_line (start 1.8 -4.4) (end 2.1 -4.4) (layer F.SilkS) (width 0.1))
    (fp_line (start 2.1 4.4) (end 2.1 3.5) (layer F.SilkS) (width 0.1))
    (fp_line (start 1.5 4.4) (end 2.1 4.4) (layer F.SilkS) (width 0.1))
    (fp_line (start -2.1 4.4) (end -1.5 4.4) (layer F.SilkS) (width 0.1))
    (fp_line (start -2.1 3.4) (end -2.1 4.4) (layer F.SilkS) (width 0.1))
    (fp_line (start 3.6 -4.7) (end 3.6 4.7) (layer F.CrtYd) (width 0.05))
    (fp_line (start -3.6 -4.7) (end 3.6 -4.7) (layer F.CrtYd) (width 0.05))
    (fp_line (start -3.6 4.7) (end 3.6 4.7) (layer F.CrtYd) (width 0.05))
    (fp_line (start -3.6 -4.7) (end -3.6 4.7) (layer F.CrtYd) (width 0.05))
    (fp_text user %R (at 0 0) (layer F.Fab)
      (effects (font (size 1 1) (thickness 0.15)))
    )
    (pad 20 smd rect (at 2.6797 -2.8575 90) (size 1.25 0.45) (layers F.Cu F.Paste F.Mask)
      (net 23 /D0_RX))
    (pad 19 smd rect (at 2.6797 -2.2225 90) (size 1.25 0.45) (layers F.Cu F.Paste F.Mask)
      (net 36 "Net-(U401-Pad19)"))
    (pad 18 smd rect (at 2.6797 -1.5875 90) (size 1.25 0.45) (layers F.Cu F.Paste F.Mask)
      (net 37 "Net-(U401-Pad18)"))
    (pad 17 smd rect (at 2.6797 -0.9525 90) (size 1.25 0.45) (layers F.Cu F.Paste F.Mask)
      (net 38 "Net-(U401-Pad17)"))
    (pad 11 smd rect (at 2.6797 2.8575 90) (size 1.25 0.45) (layers F.Cu F.Paste F.Mask)
      (net 46 "/USB TO UART/d2+"))
    (pad 12 smd rect (at 2.6797 2.2225 90) (size 1.25 0.45) (layers F.Cu F.Paste F.Mask)
      (net 47 "/USB TO UART/d2-"))
    (pad 13 smd rect (at 2.6797 1.5875 90) (size 1.25 0.45) (layers F.Cu F.Paste F.Mask)
      (net 8 +3V3))
    (pad 14 smd rect (at 2.6797 0.9525 90) (size 1.25 0.45) (layers F.Cu F.Paste F.Mask)
      (net 8 +3V3))
    (pad 15 smd rect (at 2.6797 0.3175 90) (size 1.25 0.45) (layers F.Cu F.Paste F.Mask)
      (net 5 +5V))
    (pad 16 smd rect (at 2.6797 -0.3175 90) (size 1.25 0.45) (layers F.Cu F.Paste F.Mask)
      (net 1 GND))
    (pad 10 smd rect (at -2.6797 2.8575 90) (size 1.25 0.45) (layers F.Cu F.Paste F.Mask)
      (net 35 "Net-(R403-Pad2)"))
    (pad 9 smd rect (at -2.6797 2.2225 90) (size 1.25 0.45) (layers F.Cu F.Paste F.Mask)
      (net 39 "Net-(U401-Pad9)"))
    (pad 8 smd rect (at -2.6797 1.5875 90) (size 1.25 0.45) (layers F.Cu F.Paste F.Mask)
      (net 40 "Net-(U401-Pad8)"))
    (pad 7 smd rect (at -2.6797 0.9525 90) (size 1.25 0.45) (layers F.Cu F.Paste F.Mask)
      (net 41 "Net-(U401-Pad7)"))
    (pad 1 smd rect (at -2.6797 -2.8575 90) (size 1.25 0.45) (layers F.Cu F.Paste F.Mask)
      (net 48 "Net-(C406-Pad2)"))
    (pad 2 smd rect (at -2.6797 -2.2225 90) (size 1.25 0.45) (layers F.Cu F.Paste F.Mask)
      (net 42 "Net-(U401-Pad2)"))
    (pad 3 smd rect (at -2.6797 -1.5875 90) (size 1.25 0.45) (layers F.Cu F.Paste F.Mask)
      (net 8 +3V3))
    (pad 4 smd rect (at -2.6797 -0.9525 90) (size 1.25 0.45) (layers F.Cu F.Paste F.Mask)
      (net 22 /D1_TX))
    (pad 5 smd rect (at -2.6797 -0.3175 90) (size 1.25 0.45) (layers F.Cu F.Paste F.Mask)
      (net 43 "Net-(U401-Pad5)"))
    (pad 6 smd rect (at -2.6797 0.3175 90) (size 1.25 0.45) (layers F.Cu F.Paste F.Mask)
      (net 1 GND))
  )

  (module "Arduino Rev 2:TQFP-32_7x7mm" (layer F.Cu) (tedit 5D28AA5E) (tstamp 5F0F2B8F)
    (at 162.25 104.8 180)
    (descr http://www.atmel.com/Images/Atmel-8826-SEEPROM-PCB-Mounting-Guidelines-Surface-Mount-Packages-ApplicationNote.pdf)
    (path /5F0BDC7A/5F0BE412)
    (attr smd)
    (fp_text reference U201 (at 0 6.3) (layer F.SilkS)
      (effects (font (size 1 1) (thickness 0.15)))
    )
    (fp_text value ATMEGA328-AU (at 0 6.2) (layer F.Fab)
      (effects (font (size 1 1) (thickness 0.15)))
    )
    (fp_line (start 3.5 -3.5) (end 3.5 3.5) (layer F.Fab) (width 0.1))
    (fp_line (start -3.5 3.5) (end 3.5 3.5) (layer F.Fab) (width 0.1))
    (fp_line (start -3.5 -3.2) (end -3.2 -3.5) (layer F.Fab) (width 0.1))
    (fp_line (start -3.2 -3.5) (end 3.5 -3.5) (layer F.Fab) (width 0.1))
    (fp_line (start -3.5 -3.2) (end -3.5 3.5) (layer F.Fab) (width 0.1))
    (fp_line (start -3.6 3.6) (end -3.6 3.15) (layer F.SilkS) (width 0.1))
    (fp_line (start -3.6 3.6) (end -3.15 3.6) (layer F.SilkS) (width 0.1))
    (fp_line (start 3.6 3.6) (end 3.15 3.6) (layer F.SilkS) (width 0.1))
    (fp_line (start 3.6 3.6) (end 3.6 3.15) (layer F.SilkS) (width 0.1))
    (fp_line (start 3.6 -3.6) (end 3.6 -3.15) (layer F.SilkS) (width 0.1))
    (fp_line (start 3.6 -3.6) (end 3.15 -3.6) (layer F.SilkS) (width 0.1))
    (fp_line (start -3.6 -3.15) (end -4.9 -3.15) (layer F.SilkS) (width 0.1))
    (fp_line (start -3.6 -3.25) (end -3.6 -3.15) (layer F.SilkS) (width 0.1))
    (fp_line (start -3.25 -3.6) (end -3.6 -3.25) (layer F.SilkS) (width 0.1))
    (fp_line (start -3.15 -3.6) (end -3.25 -3.6) (layer F.SilkS) (width 0.1))
    (fp_line (start -5.2 -5.2) (end 5.2 -5.2) (layer F.CrtYd) (width 0.05))
    (fp_line (start 5.2 -5.2) (end 5.2 5.2) (layer F.CrtYd) (width 0.05))
    (fp_line (start -5.2 -5.2) (end -5.2 5.2) (layer F.CrtYd) (width 0.05))
    (fp_line (start -5.2 5.2) (end 5.2 5.2) (layer F.CrtYd) (width 0.05))
    (fp_text user %R (at 0 0) (layer F.Fab)
      (effects (font (size 1 1) (thickness 0.15)))
    )
    (pad 32 smd rect (at -2.8 -4.2 180) (size 0.55 1.5) (layers F.Cu F.Paste F.Mask)
      (net 21 "/PIN HEADERS/3"))
    (pad 31 smd rect (at -2 -4.2 180) (size 0.55 1.5) (layers F.Cu F.Paste F.Mask)
      (net 22 /D1_TX))
    (pad 30 smd rect (at -1.2 -4.2 180) (size 0.55 1.5) (layers F.Cu F.Paste F.Mask)
      (net 23 /D0_RX))
    (pad 29 smd rect (at -0.4 -4.2 180) (size 0.55 1.5) (layers F.Cu F.Paste F.Mask)
      (net 24 /RESET))
    (pad 28 smd rect (at 0.4 -4.2 180) (size 0.55 1.5) (layers F.Cu F.Paste F.Mask)
      (net 27 "/PIN HEADERS/20"))
    (pad 27 smd rect (at 1.2 -4.2 180) (size 0.55 1.5) (layers F.Cu F.Paste F.Mask)
      (net 28 "/PIN HEADERS/19"))
    (pad 26 smd rect (at 2 -4.2 180) (size 0.55 1.5) (layers F.Cu F.Paste F.Mask)
      (net 29 "/PIN HEADERS/18"))
    (pad 25 smd rect (at 2.8 -4.2 180) (size 0.55 1.5) (layers F.Cu F.Paste F.Mask)
      (net 30 "/PIN HEADERS/17"))
    (pad 24 smd rect (at 4.2 -2.8 180) (size 1.5 0.55) (layers F.Cu F.Paste F.Mask)
      (net 31 "/PIN HEADERS/16"))
    (pad 23 smd rect (at 4.2 -2 180) (size 1.5 0.55) (layers F.Cu F.Paste F.Mask)
      (net 32 "/PIN HEADERS/15"))
    (pad 22 smd rect (at 4.2 -1.2 180) (size 1.5 0.55) (layers F.Cu F.Paste F.Mask)
      (net 25 "/PIN HEADERS/22"))
    (pad 21 smd rect (at 4.2 -0.4 180) (size 1.5 0.55) (layers F.Cu F.Paste F.Mask)
      (net 1 GND))
    (pad 20 smd rect (at 4.2 0.4 180) (size 1.5 0.55) (layers F.Cu F.Paste F.Mask)
      (net 49 /ATMega328/AREF))
    (pad 19 smd rect (at 4.2 1.2 180) (size 1.5 0.55) (layers F.Cu F.Paste F.Mask)
      (net 26 "/PIN HEADERS/21"))
    (pad 18 smd rect (at 4.2 2 180) (size 1.5 0.55) (layers F.Cu F.Paste F.Mask)
      (net 5 +5V))
    (pad 17 smd rect (at 4.2 2.8 180) (size 1.5 0.55) (layers F.Cu F.Paste F.Mask)
      (net 33 "/PIN HEADERS/14"))
    (pad 16 smd rect (at 2.8 4.2 180) (size 0.55 1.5) (layers F.Cu F.Paste F.Mask)
      (net 34 "/PIN HEADERS/13"))
    (pad 15 smd rect (at 2 4.2 180) (size 0.55 1.5) (layers F.Cu F.Paste F.Mask)
      (net 12 "/PIN HEADERS/12"))
    (pad 14 smd rect (at 1.2 4.2 180) (size 0.55 1.5) (layers F.Cu F.Paste F.Mask)
      (net 13 "/PIN HEADERS/11"))
    (pad 13 smd rect (at 0.4 4.2 180) (size 0.55 1.5) (layers F.Cu F.Paste F.Mask)
      (net 14 "/PIN HEADERS/10"))
    (pad 12 smd rect (at -0.4 4.2 180) (size 0.55 1.5) (layers F.Cu F.Paste F.Mask)
      (net 15 "/PIN HEADERS/9"))
    (pad 11 smd rect (at -1.2 4.2 180) (size 0.55 1.5) (layers F.Cu F.Paste F.Mask)
      (net 16 "/PIN HEADERS/8"))
    (pad 10 smd rect (at -2 4.2 180) (size 0.55 1.5) (layers F.Cu F.Paste F.Mask)
      (net 17 "/PIN HEADERS/7"))
    (pad 8 smd rect (at -4.2 2.8 180) (size 1.5 0.55) (layers F.Cu F.Paste F.Mask)
      (net 3 /ATMega328/XTAL2))
    (pad 7 smd rect (at -4.2 2 180) (size 1.5 0.55) (layers F.Cu F.Paste F.Mask)
      (net 2 /ATMega328/XTAL1))
    (pad 6 smd rect (at -4.2 1.2 180) (size 1.5 0.55) (layers F.Cu F.Paste F.Mask)
      (net 5 +5V))
    (pad 5 smd rect (at -4.2 0.4 180) (size 1.5 0.55) (layers F.Cu F.Paste F.Mask)
      (net 1 GND))
    (pad 4 smd rect (at -4.2 -0.4 180) (size 1.5 0.55) (layers F.Cu F.Paste F.Mask)
      (net 5 +5V))
    (pad 3 smd rect (at -4.2 -1.2 180) (size 1.5 0.55) (layers F.Cu F.Paste F.Mask)
      (net 1 GND))
    (pad 2 smd rect (at -4.2 -2 180) (size 1.5 0.55) (layers F.Cu F.Paste F.Mask)
      (net 19 "/PIN HEADERS/5"))
    (pad 1 smd rect (at -4.2 -2.8 180) (size 1.5 0.55) (layers F.Cu F.Paste F.Mask)
      (net 20 "/PIN HEADERS/4"))
    (pad 9 smd rect (at -2.8 4.2 180) (size 0.55 1.5) (layers F.Cu F.Paste F.Mask)
      (net 18 "/PIN HEADERS/6"))
  )

  (module "Arduino Rev 2:button" (layer F.Cu) (tedit 5F0D586E) (tstamp 5F0DC9F3)
    (at 148.5 111)
    (path /5F0FE90F/5F0D3286)
    (fp_text reference S501 (at 3.75 1.75) (layer F.SilkS)
      (effects (font (size 1 1) (thickness 0.15)))
    )
    (fp_text value GPTS203211B (at 0 -4.1) (layer F.Fab)
      (effects (font (size 1 1) (thickness 0.15)))
    )
    (pad 2 smd rect (at 7 0) (size 1 1.4) (layers F.Cu F.Paste F.Mask)
      (net 24 /RESET))
    (pad 1 smd rect (at 0 0) (size 1 1.4) (layers F.Cu F.Paste F.Mask)
      (net 1 GND))
  )

  (module "Arduino Rev 2:R_0603_1608Metric_Pad1.05x0.95mm_HandSolder" (layer F.Cu) (tedit 5B301BBD) (tstamp 5F0DC9ED)
    (at 154.625 107.25)
    (descr "Resistor SMD 0603 (1608 Metric), square (rectangular) end terminal, IPC_7351 nominal with elongated pad for handsoldering. (Body size source: http://www.tortai-tech.com/upload/download/2011102023233369053.pdf), generated with kicad-footprint-generator")
    (tags "resistor handsolder")
    (path /5F0FE90F/5F0D522D)
    (attr smd)
    (fp_text reference R501 (at 0.125 1.5) (layer F.SilkS)
      (effects (font (size 1 1) (thickness 0.15)))
    )
    (fp_text value R_US (at 0 1.43) (layer F.Fab)
      (effects (font (size 1 1) (thickness 0.15)))
    )
    (fp_line (start 1.65 0.73) (end -1.65 0.73) (layer F.CrtYd) (width 0.05))
    (fp_line (start 1.65 -0.73) (end 1.65 0.73) (layer F.CrtYd) (width 0.05))
    (fp_line (start -1.65 -0.73) (end 1.65 -0.73) (layer F.CrtYd) (width 0.05))
    (fp_line (start -1.65 0.73) (end -1.65 -0.73) (layer F.CrtYd) (width 0.05))
    (fp_line (start -0.171267 0.51) (end 0.171267 0.51) (layer F.SilkS) (width 0.12))
    (fp_line (start -0.171267 -0.51) (end 0.171267 -0.51) (layer F.SilkS) (width 0.12))
    (fp_line (start 0.8 0.4) (end -0.8 0.4) (layer F.Fab) (width 0.1))
    (fp_line (start 0.8 -0.4) (end 0.8 0.4) (layer F.Fab) (width 0.1))
    (fp_line (start -0.8 -0.4) (end 0.8 -0.4) (layer F.Fab) (width 0.1))
    (fp_line (start -0.8 0.4) (end -0.8 -0.4) (layer F.Fab) (width 0.1))
    (fp_text user %R (at 0 0) (layer F.Fab)
      (effects (font (size 0.4 0.4) (thickness 0.06)))
    )
    (pad 2 smd roundrect (at 0.875 0) (size 1.05 0.95) (layers F.Cu F.Paste F.Mask) (roundrect_rratio 0.25)
      (net 24 /RESET))
    (pad 1 smd roundrect (at -0.875 0) (size 1.05 0.95) (layers F.Cu F.Paste F.Mask) (roundrect_rratio 0.25)
      (net 5 +5V))
    (model ${KISYS3DMOD}/Resistor_SMD.3dshapes/R_0603_1608Metric.wrl
      (at (xyz 0 0 0))
      (scale (xyz 1 1 1))
      (rotate (xyz 0 0 0))
    )
  )

  (module "Arduino Rev 2:R_0603_1608Metric_Pad1.05x0.95mm_HandSolder" (layer F.Cu) (tedit 5B301BBD) (tstamp 5F0F401B)
    (at 170.125 120.25 180)
    (descr "Resistor SMD 0603 (1608 Metric), square (rectangular) end terminal, IPC_7351 nominal with elongated pad for handsoldering. (Body size source: http://www.tortai-tech.com/upload/download/2011102023233369053.pdf), generated with kicad-footprint-generator")
    (tags "resistor handsolder")
    (path /5F0D5038/5F0F8458)
    (attr smd)
    (fp_text reference R403 (at 0 -1.43) (layer F.SilkS)
      (effects (font (size 1 1) (thickness 0.15)))
    )
    (fp_text value "270 OHM" (at 0 1.43) (layer F.Fab)
      (effects (font (size 1 1) (thickness 0.15)))
    )
    (fp_line (start 1.65 0.73) (end -1.65 0.73) (layer F.CrtYd) (width 0.05))
    (fp_line (start 1.65 -0.73) (end 1.65 0.73) (layer F.CrtYd) (width 0.05))
    (fp_line (start -1.65 -0.73) (end 1.65 -0.73) (layer F.CrtYd) (width 0.05))
    (fp_line (start -1.65 0.73) (end -1.65 -0.73) (layer F.CrtYd) (width 0.05))
    (fp_line (start -0.171267 0.51) (end 0.171267 0.51) (layer F.SilkS) (width 0.12))
    (fp_line (start -0.171267 -0.51) (end 0.171267 -0.51) (layer F.SilkS) (width 0.12))
    (fp_line (start 0.8 0.4) (end -0.8 0.4) (layer F.Fab) (width 0.1))
    (fp_line (start 0.8 -0.4) (end 0.8 0.4) (layer F.Fab) (width 0.1))
    (fp_line (start -0.8 -0.4) (end 0.8 -0.4) (layer F.Fab) (width 0.1))
    (fp_line (start -0.8 0.4) (end -0.8 -0.4) (layer F.Fab) (width 0.1))
    (fp_text user %R (at 0 0) (layer F.Fab)
      (effects (font (size 0.4 0.4) (thickness 0.06)))
    )
    (pad 2 smd roundrect (at 0.875 0 180) (size 1.05 0.95) (layers F.Cu F.Paste F.Mask) (roundrect_rratio 0.25)
      (net 35 "Net-(R403-Pad2)"))
    (pad 1 smd roundrect (at -0.875 0 180) (size 1.05 0.95) (layers F.Cu F.Paste F.Mask) (roundrect_rratio 0.25)
      (net 9 "Net-(D401-Pad1)"))
    (model ${KISYS3DMOD}/Resistor_SMD.3dshapes/R_0603_1608Metric.wrl
      (at (xyz 0 0 0))
      (scale (xyz 1 1 1))
      (rotate (xyz 0 0 0))
    )
  )

  (module "Arduino Rev 2:R_0603_1608Metric_Pad1.05x0.95mm_HandSolder" (layer F.Cu) (tedit 5B301BBD) (tstamp 5F0EFE92)
    (at 159.875 124.95)
    (descr "Resistor SMD 0603 (1608 Metric), square (rectangular) end terminal, IPC_7351 nominal with elongated pad for handsoldering. (Body size source: http://www.tortai-tech.com/upload/download/2011102023233369053.pdf), generated with kicad-footprint-generator")
    (tags "resistor handsolder")
    (path /5F0D5038/5F0E542D)
    (attr smd)
    (fp_text reference R402 (at 0 -1.43) (layer F.SilkS)
      (effects (font (size 1 1) (thickness 0.15)))
    )
    (fp_text value 27OHM (at 0 1.43) (layer F.Fab)
      (effects (font (size 1 1) (thickness 0.15)))
    )
    (fp_line (start 1.65 0.73) (end -1.65 0.73) (layer F.CrtYd) (width 0.05))
    (fp_line (start 1.65 -0.73) (end 1.65 0.73) (layer F.CrtYd) (width 0.05))
    (fp_line (start -1.65 -0.73) (end 1.65 -0.73) (layer F.CrtYd) (width 0.05))
    (fp_line (start -1.65 0.73) (end -1.65 -0.73) (layer F.CrtYd) (width 0.05))
    (fp_line (start -0.171267 0.51) (end 0.171267 0.51) (layer F.SilkS) (width 0.12))
    (fp_line (start -0.171267 -0.51) (end 0.171267 -0.51) (layer F.SilkS) (width 0.12))
    (fp_line (start 0.8 0.4) (end -0.8 0.4) (layer F.Fab) (width 0.1))
    (fp_line (start 0.8 -0.4) (end 0.8 0.4) (layer F.Fab) (width 0.1))
    (fp_line (start -0.8 -0.4) (end 0.8 -0.4) (layer F.Fab) (width 0.1))
    (fp_line (start -0.8 0.4) (end -0.8 -0.4) (layer F.Fab) (width 0.1))
    (fp_text user %R (at 0 0) (layer F.Fab)
      (effects (font (size 0.4 0.4) (thickness 0.06)))
    )
    (pad 2 smd roundrect (at 0.875 0) (size 1.05 0.95) (layers F.Cu F.Paste F.Mask) (roundrect_rratio 0.25)
      (net 45 "/USB TO UART/D-"))
    (pad 1 smd roundrect (at -0.875 0) (size 1.05 0.95) (layers F.Cu F.Paste F.Mask) (roundrect_rratio 0.25)
      (net 47 "/USB TO UART/d2-"))
    (model ${KISYS3DMOD}/Resistor_SMD.3dshapes/R_0603_1608Metric.wrl
      (at (xyz 0 0 0))
      (scale (xyz 1 1 1))
      (rotate (xyz 0 0 0))
    )
  )

